  0.0000000000000000  0.0000000000000000  0.0000000000000000
  0.0000000000000000  0.2500000000000000  0.0000000000000000
  0.0000000000000000  0.5000000000000000  0.0000000000000000
  0.0000000000000000  0.7500000000000000  0.0000000000000000
  0.2500000000000000  0.0000000000000000  0.0000000000000000
  0.2500000000000000  0.2500000000000000  0.0000000000000000
  0.2500000000000000  0.5000000000000000  0.0000000000000000
  0.2500000000000000  0.7500000000000000  0.0000000000000000
  0.5000000000000000  0.0000000000000000  0.0000000000000000
  0.5000000000000000  0.2500000000000000  0.0000000000000000
  0.5000000000000000  0.5000000000000000  0.0000000000000000
  0.5000000000000000  0.7500000000000000  0.0000000000000000
  0.7500000000000000  0.0000000000000000  0.0000000000000000
  0.7500000000000000  0.2500000000000000  0.0000000000000000
  0.7500000000000000  0.5000000000000000  0.0000000000000000
  0.7500000000000000  0.7500000000000000  0.0000000000000000
  0.0833333360000026  0.1666666719999981  0.0000000000000000
  0.0833333360000026  0.4166666870000029  0.0000000000000000
  0.0833333360000026  0.6666666870000029  0.0000000000000000
  0.0833333360000026  0.9166666870000029  0.0000000000000000
  0.3333333429999996  0.1666666719999981  0.0000000000000000
  0.3333333429999996  0.4166666870000029  0.0000000000000000
  0.3333333429999996  0.6666666870000029  0.0000000000000000
  0.3333333429999996  0.9166666870000029  0.0000000000000000
  0.5833333129999971  0.1666666719999981  0.0000000000000000
  0.5833333129999971  0.4166666870000029  0.0000000000000000
  0.5833333129999971  0.6666666870000029  0.0000000000000000
  0.5833333129999971  0.9166666870000029  0.0000000000000000
  0.8333333129999971  0.1666666719999981  0.0000000000000000
  0.8333333129999971  0.4166666870000029  0.0000000000000000
  0.8333333129999971  0.6666666870000029  0.0000000000000000
  0.8333333129999971  0.9166666870000029  0.0000000000000000

